Index            Actual      Predicted          Error
-----------------------------------------------------
0               260.5100        256.6126         -3.8974
1               260.1967        258.7072         -1.4894
2               260.9167        258.5316         -2.3851
3               264.5367        259.3741         -5.1626
4               261.8300        262.9886          1.1586
5               263.9800        260.3041         -3.6759
6               268.5733        262.4990         -6.0743
7               270.3600        267.1114         -3.2486
8               272.7733        268.9331         -3.8402
9               281.0100        271.4157         -9.5943
10              290.0367        279.6279        -10.4088
11              288.0900        288.5491          0.4591
12              288.6000        286.5467         -2.0533
13              298.0000        287.1694        -10.8306
14              303.2267        296.6252         -6.6015
15              341.6200        301.8513        -39.7687
16              339.4767        340.1239          0.6473
17              345.9533        337.5421         -8.4112
18              359.0133        344.3500        -14.6633
19              371.3333        357.7947        -13.5387
20              402.8633        370.6744        -32.1889
21              390.6667        403.0728         12.4062
22              404.6200        391.3670        -13.2530
23              409.9700        406.4246         -3.5454
24              407.3633        412.3160          4.9527
25              387.6467        410.0065         22.3598
26              341.1667        390.3606         49.1939
27              355.9833        342.9044        -13.0790
28              354.5033        358.5754          4.0721
29              344.4733        356.3515         11.8782
30              337.7967        346.2347          8.4380
31              351.5767        340.0486        -11.5281
32              363.0033        354.6187         -8.3847
33              365.4600        366.2226          0.7627
34              379.0200        368.6985        -10.3215
35              385.6233        382.3888         -3.2346
36              369.6767        388.8384         19.1617
37              372.0000        372.4128          0.4128
38              360.6400        374.8800         14.2400
39              378.9967        362.7598        -16.2368
40              381.5867        381.3048         -0.2818
41              365.0000        383.5726         18.5726
42              361.5333        366.4055          4.8722
43              338.3233        363.0685         24.7452
44              336.3367        339.5597          3.2231
45              350.5833        337.8457        -12.7377
46              356.3200        352.0488         -4.2712
47              334.6000        357.9419         23.3419
48              339.0100        336.0048         -3.0052
49              322.1367        340.6598         18.5232
50              319.5033        323.6063          4.1030
51              325.3300        320.7859         -4.5441
52              308.9733        326.4696         17.4962
53              310.8567        309.6303         -1.2264
54              299.9800        311.1904         11.2104
55              312.8433        299.9849        -12.8584
56              336.2900        312.7536        -23.5364
57              355.6667        335.9197        -19.7469
58              364.6467        355.0515         -9.5952
59              362.8233        363.8395          1.0161
60              362.0633        362.2403          0.1769
61              356.7800        361.5329          4.7529
62              352.2600        356.0446          3.7846
63              399.9267        351.3376        -48.5891
64              383.1967        398.3951         15.1984
65              362.7067        381.5569         18.8503
66              354.9000        361.3060          6.4060
67              342.3200        354.0276         11.7076
68              352.7067        341.6780        -11.0286
69              354.8000        351.8903         -2.9096
70              368.7400        353.7910        -14.9490
71              343.8533        367.4974         23.6440
72              349.8700        342.4704         -7.3996
73              343.5033        348.7776          5.2742
74              331.8833        342.2883         10.4049
75              332.0900        330.8073         -1.2827
76              314.6333        331.3008         16.6675
77              310.0000        314.0586          4.0586
78              306.1333        309.3547          3.2213
79              312.4700        305.4695         -7.0005
80              276.3667        311.7186         35.3519
81              282.1167        275.8119         -6.3048
82              312.2400        281.6496        -30.5904
83              310.4167        311.7444          1.3278
84              301.8867        309.6933          7.8067
85              297.0467        301.0734          4.0268
86              307.7733        296.3127        -11.4606
87              302.4467        306.8428          4.3962
88              307.3333        301.6349         -5.6985
89              310.6667        306.2676         -4.3991
90              301.5167        309.4939          7.9773
91              286.6667        300.2997         13.6330
92              291.9200        285.4845         -6.4355
93              307.4767        290.4478        -17.0289
94              307.7967        305.5779         -2.2187
95              292.1167        305.5891         13.4725
96              285.6600        289.9481          4.2881
97              273.8433        283.4286          9.5853
98              254.6800        271.4124         16.7324
99              266.9233        252.4831        -14.4402
100             269.9567        263.8584         -6.0983
101             290.1433        266.9168        -23.2265
102             288.1233        286.6689         -1.4544
103             293.2967        284.8591         -8.4376
104             279.7633        289.9582         10.1949
105             279.4300        276.7450         -2.6850
106             268.1933        276.5108          8.3175
107             274.8000        265.5644         -9.2356
108             286.3233        271.9847        -14.3387
109             279.4333        283.3946          3.9613
110             265.1167        276.4746         11.3579
111             255.4567        262.3813          6.9247
112             267.2967        252.8584        -14.4383
113             280.0767        264.3597        -15.7169
114             290.5333        276.9078        -13.6255
115             301.7967        287.1853        -14.6114
116             307.0533        298.3478         -8.7055
117             331.3267        303.5506        -27.7760
118             333.0367        327.0529         -5.9838
119             337.9733        328.4855         -9.4878
120             336.8800        332.9310         -3.9490
121             363.9467        331.4843        -32.4623
122             366.5233        357.6678         -8.8556
123             364.6633        360.0811         -4.5823
124             359.2000        358.5324         -0.6677
125             361.5300        353.9460         -7.5840
126             381.8167        357.0695        -24.7472
127             363.7533        377.9008         14.1474
128             348.5867        360.5804         11.9937
129             352.4200        346.2734         -6.1466
130             341.8300        350.9856          9.1556
131             325.3100        340.9261         15.6161
132             328.9833        324.6619         -4.3214
133             340.7900        328.3403        -12.4497
134             328.3333        340.5458         12.2124
135             334.7633        327.5497         -7.2136
136             342.7167        334.2593         -8.4574
137             325.7333        342.1767         16.4433
138             336.2600        324.9884        -11.2716
139             335.0167        336.1610          1.1444
140             332.6733        335.7803          3.1069
141             292.1400        333.8499         41.7099
142             293.8367        293.2332         -0.6035
143             292.5033        295.3253          2.8220
144             290.2533        293.9794          3.7261
145             300.9800        291.7237         -9.2563
146             303.0833        302.2534         -0.8299
147             317.5400        304.0414        -13.4986
148             291.0933        318.1351         27.0417
149             288.5500        291.6983          3.1483
150             262.3700        289.1085         26.7385
151             266.6800        262.8793         -3.8007
152             244.6667        266.9277         22.2610
153             242.6667        244.8743          2.2076
154             256.5300        242.3879        -14.1421
155             241.4567        256.1022         14.6456
156             253.8700        241.0895        -12.7805
157             236.6033        253.0974         16.4941
158             236.4733        235.9054         -0.5679
159             221.3000        235.3436         14.0436
160             224.9667        220.2486         -4.7180
161             209.3867        223.2005         13.8138
162             219.6000        207.5649        -12.0351
163             235.9100        216.9316        -18.9784
164             253.2100        232.6051        -20.6050
165             252.7533        249.3079         -3.4454
166             246.7900        248.7380          1.9480
167             258.3333        243.0115        -15.3218
168             234.5167        254.2183         19.7016
169             238.2800        230.9521         -7.3279
170             238.8867        234.7197         -4.1670
171             241.8667        235.2632         -6.6034
172             239.7067        238.1584         -1.5483
173             232.2300        236.1127          3.8827
174             215.7367        228.7331         12.9964
175             220.8900        212.4196         -8.4704
176             233.0000        217.3010        -15.6990
177             213.1000        228.9093         15.8093
178             216.7600        209.3491         -7.4109
179             237.0367        212.7124        -24.3242
180             236.0867        232.2844         -3.8023
181             235.0700        231.2921         -3.7779
182             245.7067        230.2142        -15.4925
183             244.9200        240.4452         -4.4748
184             232.6633        239.8650          7.2017
185             228.4900        227.9250         -0.5650
186             224.4733        223.6375         -0.8358
187             227.2633        219.4409         -7.8224
188             233.0667        221.9853        -11.0814
189             231.7333        227.7095         -4.0238
190             244.5433        226.4471        -18.0962
191             250.7633        239.1889        -11.5745
192             234.3433        245.2149         10.8715
193             233.0700        229.0322         -4.0378
194             237.0400        228.1601         -8.8799
195             238.3133        232.1880         -6.1253
196             240.0667        233.7387         -6.3280
197             240.5467        235.6462         -4.9004
198             245.5300        236.2517         -9.2783
199             247.5000        241.2496         -6.2504
200             271.7067        243.4236        -28.2830
201             272.2433        267.1977         -5.0457
202             268.4333        267.8294         -0.6039
203             258.8600        264.1458          5.2858
204             274.8200        254.9104        -19.9096
205             280.9000        270.7636        -10.1364
206             297.1500        277.0872        -20.0628
207             297.2767        293.1628         -4.1139
208             300.5867        293.3674         -7.2192
209             307.3967        297.1748        -10.2218
210             308.6333        304.4973         -4.1361
211             288.1700        306.0649         17.8949
212             290.4233        285.9818         -4.4415
213             283.3333        289.0037          5.6704
214             294.3567        282.2345        -12.1222
215             286.6300        293.4565          6.8265
216             300.0300        285.7276        -14.3024
217             309.3200        299.4914         -9.8286
218             306.5633        308.6152          2.0519
219             303.9967        305.7059          1.7092
220             302.8700        303.2342          0.3642
221             296.6667        302.1490          5.4823
222             289.9133        295.7875          5.8742
223             296.4533        288.7364         -7.7170
224             297.0967        295.2075         -1.8892
225             296.0700        295.5860         -0.4840
226             288.0900        294.5172          6.4272
227             284.8200        286.5130          1.6930
228             277.7000        283.4908          5.7908
229             275.6100        276.5138          0.9039
230             277.1600        274.7354         -2.4246
231             270.2100        276.4641          6.2541
232             274.4200        269.5876         -4.8324
233             283.7000        273.9106         -9.7894
234             289.2600        283.1833         -6.0767
235             299.6800        288.7771        -10.9029
236             304.4200        299.2313         -5.1887
237             292.1300        304.0385         11.9085
238             302.6100        291.8077        -10.8022
239             303.7500        302.2682         -1.4818
240             303.3500        303.4306          0.0806
241             309.0700        303.0725         -5.9975
242             308.7300        308.4392         -0.2908
243             300.8000        307.7396          6.9396
244             288.5900        299.7131         11.1231
245             275.3300        287.6184         12.2885
246             276.0100        274.5499         -1.4601
247             282.9400        275.2996         -7.6404
248             287.8100        282.3008         -5.5092
249             268.2100        287.0244         18.8144
250             265.2500        267.4236          2.1736
251             242.4000        264.4682         22.0682
252             249.4400        241.7282         -7.7118
253             240.8100        248.7032          7.8932
254             238.1300        240.0652          1.9352
255             223.0700        237.1714         14.1013
256             222.9600        222.0895         -0.8706
257             216.5000        221.6533          5.1533
258             217.2400        215.1870         -2.0530
259             221.7200        215.7131         -6.0069
260             204.9900        219.7878         14.7978
261             219.3500        203.4150        -15.9350
262             220.1900        217.0532         -3.1368
263             222.0400        218.0151         -4.0249
264             207.2800        219.4032         12.1232
265             214.4400        204.5871         -9.8529
266             211.2500        211.0583         -0.1917
267             222.4200        207.5398        -14.8802
268             224.6400        218.2013         -6.4387
269             225.0900        220.2859         -4.8041
270             228.5200        220.7521         -7.7679
271             227.5400        224.0190         -3.5209
272             227.8200        223.1103         -4.7097
273             214.9800        223.4891          8.5091
274             215.3100        210.9207         -4.3892
275             207.4700        211.0643          3.5943
276             197.0800        203.3569          6.2769
277             191.3000        193.1914          1.8914
278             177.5900        187.3676          9.7776
279             190.7200        173.9313        -16.7887
280             195.9700        186.5326         -9.4374
281             190.9500        191.4335          0.4835
282             194.4200        186.5275         -7.8925
283             186.9200        189.8773          2.9573
284             183.1700        182.5689         -0.6011
285             180.1900        178.8599         -1.3301
286             167.8700        175.9021          8.0321
287             169.9100        163.9237         -5.9863
288             183.2000        165.8088        -17.3912
289             182.8600        178.7304         -4.1296
290             182.9200        178.5345         -4.3855
291             180.8300        178.6056         -2.2244
292             194.7000        176.7249        -17.9751
293             194.7000        190.2746         -4.4254
294             194.8600        190.5267         -4.3333
295             182.4500        190.7715          8.3215
296             179.8200        178.7233         -1.0967
297             174.0400        176.1368          2.0968
298             173.4400        170.4676         -2.9724
299             179.0500        169.7718         -9.2782
300             167.8200        175.1193          7.2993
301             160.9500        164.1458          3.1958
302             156.8000        157.3965          0.5965
303             157.6700        153.2771         -4.3929
304             150.2300        154.0012          3.7712
305             149.8700        146.8189         -3.0510
306             137.8000        146.4175          8.6175
307             137.5700        134.7038         -2.8662
308             125.3500        134.4877          9.1377
309             123.1500        122.6216         -0.5284
310             109.1000        120.5404         11.4404
311             112.7100        107.0012         -5.7088
312             121.8200        110.6537        -11.1663
313             123.1800        119.8131         -3.3669
314             108.1000        121.3534         13.2534
315             113.6400        106.7314         -6.9086
316             110.3400        112.3344          1.9945
317             113.0600        109.2399         -3.8201
318             119.7700        111.9755         -7.7945
319             118.8500        118.8409         -0.0091
320             123.2200        118.1052         -5.1148
321             123.5600        122.5713         -0.9887
322             122.4000        122.9475          0.5475
323             131.4900        121.8054         -9.6847
324             128.7800        130.9355          2.1555
325             127.1700        128.4069          1.2369
326             133.4200        126.8766         -6.5434
327             143.7500        133.1155        -10.6345
328             143.8900        143.4447         -0.4453
329             144.4300        143.5458         -0.8842
330             160.2700        144.0827        -16.1873
331             177.9000        159.8723        -18.0277
332             166.6600        177.3883         10.7283
333             173.2200        166.2902         -6.9298
334             181.4100        172.9462         -8.4638
335             188.2700        181.1951         -7.0749
336             189.9800        188.5410         -1.4390
337             194.7600        190.8173         -3.9427
338             196.8100        196.1470         -0.6630
339             201.2900        198.4735         -2.8165
340             207.3200        203.2410         -4.0790
341             196.8900        209.4807         12.5907
342             194.6400        199.0358          4.3958
343             209.2500        196.8796        -12.3704
344             214.2400        211.6319         -2.6082
345             202.0400        216.5252         14.4852
346             208.3100        204.0713         -4.2387
347             197.3700        210.5144         13.1444
348             200.8600        199.3751         -1.4849
349             202.0700        203.1352          1.0652
350             196.8800        204.3988          7.5188
351             207.6300        199.1770         -8.4530
352             205.7100        210.2360          4.5260
353             202.7700        208.4413          5.6713
354             190.9000        205.6119         14.7119
355             197.7900        193.4314         -4.3586
356             193.8100        200.2149          6.4049
357             187.7100        195.8032          8.0932
358             182.0000        189.3429          7.3429
359             172.9200        183.3478         10.4278
360             173.4400        174.0759          0.6359
361             174.4800        174.6665          0.1865
362             183.2600        175.6189         -7.6411
363             180.4500        184.2358          3.7858
364             184.1300        181.1568         -2.9732
365             180.1300        184.7078          4.5778
366             183.2500        180.4849         -2.7651
367             197.5800        183.5857        -13.9943
368             191.1500        197.8318          6.6818
369             192.2200        191.3326         -0.8874
370             190.4100        192.5506          2.1406
371             191.8100        190.7888         -1.0212
372             189.1900        192.2481          3.0581
373             193.8800        189.7021         -4.1779
374             195.2800        194.4533         -0.8267
375             207.4600        195.7965        -11.6635
376             194.7700        207.8711         13.1011
377             192.5800        195.0149          2.4349
378             185.5200        192.7251          7.2051
379             185.0600        185.6076          0.5476
380             184.5100        185.0599          0.5499
381             186.7900        184.3185         -2.4715
382             180.5400        186.2661          5.7261
383             185.9000        180.0123         -5.8877
384             185.0000        185.3306          0.3306
385             187.0400        184.3260         -2.7140
386             184.3100        186.2223          1.9123
387             180.5900        183.4145          2.8245
388             162.9900        179.5687         16.5787
389             165.0800        161.9361         -3.1439
390             162.5500        163.8240          1.2740
391             160.6700        161.2131          0.5431
392             153.7500        159.1891          5.4391
393             160.1900        152.3190         -7.8710
394             164.3100        158.4839         -5.8261
395             161.8300        162.4055          0.5755
396             160.3100        159.8190         -0.4910
397             160.6100        158.2677         -2.3423
398             161.2000        158.4724         -2.7276
399             170.0600        158.9505        -11.1095
400             171.7900        167.5393         -4.2507
401             169.1500        169.2454          0.0954
402             168.5400        166.5000         -2.0400
403             172.0800        165.9653         -6.1147
404             167.9800        169.3493          1.3693
405             166.3500        165.4781         -0.8719
406             166.5200        163.8628         -2.6572
407             173.8600        163.9459         -9.9141
408             176.8900        171.0374         -5.8526
409             180.1400        173.9601         -6.1799
410             188.8700        177.0960        -11.7740
411             185.7700        185.6155         -0.1545
412             182.9000        182.5641         -0.3359
413             184.4700        179.7126         -4.7574
414             193.1700        181.3692        -11.8008
415             201.1600        189.8521        -11.3079
416             203.9300        197.9095         -6.0205
417             207.5200        200.9231         -6.5969
418             213.9700        204.7607         -9.2093
419             217.6100        211.4707         -6.1393
420             221.3100        215.5667         -5.7433
421             224.5700        219.7481         -4.8220
422             234.8600        223.3583        -11.5017
423             244.4000        234.3154        -10.0846
424             249.8300        244.2026         -5.6274
425             258.7100        250.3249         -8.3851
426             256.7900        259.4932          2.7032
427             255.9000        257.7926          1.8926
428             260.5400        257.1560         -3.3840
429             274.4500        262.0372        -12.4128
430             259.4600        276.3818         16.9218
431             264.6100        261.1539         -3.4561
432             256.6000        266.8701         10.2701
433             241.0500        258.7573         17.7073
434             250.2100        243.1149         -7.0951
435             256.2400        252.7890         -3.4510
436             257.5000        258.9270          1.4270
437             261.7700        260.1865         -1.5834
438             279.8200        264.4804        -15.3396
439             282.4800        282.7758          0.2957
440             276.5400        285.5042          8.9642
441             274.4300        279.4498          5.0198
442             269.6100        277.2378          7.6278
443             269.7900        272.3593          2.5693
444             271.9900        272.5062          0.5162
445             277.9000        274.6995         -3.2005
446             281.3800        280.6408         -0.7392
447             290.3800        283.9089         -6.4712
448             293.3400        292.7885         -0.5515
449             291.2600        295.5651          4.3051
450             262.9000        293.2780         30.3780
451             260.0200        264.5248          4.5048
452             269.0600        261.5994         -7.4606
453             265.2800        270.6844          5.4044
454             264.3500        266.4412          2.0912
455             255.7100        265.3196          9.6096
456             266.4400        256.3165        -10.1235
457             267.4300        267.1113         -0.3187
458             261.0700        267.9706          6.9006
459             254.1100        261.4953          7.3853
460             259.3200        254.4601         -4.8599
461             253.8600        259.7145          5.8545
462             251.4500        254.0339          2.5839
463             249.7000        251.6259          1.9259
464             242.1900        249.7788          7.5888
465             245.3400        242.2093         -3.1307
466             242.6500        245.4926          2.8426
467             239.7600        242.9382          3.1782
468             232.9600        240.0249          7.0649
469             225.6000        233.1904          7.5904
470             219.2200        225.8163          6.5963
471             215.4900        219.3531          3.8631
472             231.2800        215.2631        -16.0169
473             233.1900        230.6323         -2.5577
474             236.8600        232.4792         -4.3808
475             230.0400        235.8558          5.8158
476             238.5900        229.1358         -9.4542
477             238.8200        237.4122         -1.4078
478             257.1800        237.6283        -19.5517
479             256.9000        255.4585         -1.4415
480             258.0800        254.7003         -3.3797
481             245.0100        255.3075         10.2975
482             256.4900        242.1487        -14.3412
483             251.9200        253.2375          1.3175
484             251.4900        248.5300         -2.9600
485             248.5000        247.9460         -0.5540
486             273.5800        244.9639        -28.6161
487             267.4800        269.7545          2.2745
488             271.3000        263.8063         -7.4937
489             276.0400        267.7606         -8.2794
490             274.3900        272.6107         -1.7793
491             265.2800        271.1646          5.8846
492             266.5000        262.4419         -4.0581
493             262.5900        264.0253          1.4353
494             255.7000        260.4593          4.7593
495             244.8800        253.8998          9.0198
496             246.9900        243.3633         -3.6267
497             244.1200        245.5411          1.4211
498             240.5000        242.5368          2.0368
499             246.3800        238.6666         -7.7134
500             250.2200        243.9852         -6.2348
501             251.6000        247.3953         -4.2047
502             246.5300        248.2867          1.7567
503             261.1600        243.1087        -18.0513
504             260.0500        257.1777         -2.8722
505             260.5300        256.1696         -4.3604
506             259.6700        256.6030         -3.0671
507             263.6200        255.8405         -7.7795
508             262.9900        259.7676         -3.2224
509             258.8700        259.3539          0.4839
510             251.1200        255.5874          4.4674
511             253.9200        248.2670         -5.6530
512             254.8500        251.1895         -3.6605
513             242.6800        252.1209          9.4409
514             220.1100        240.2428         20.1328
515             211.9900        218.0060          6.0160
516             212.0800        210.0183         -2.0617
517             216.5200        210.0870         -6.4330
518             212.4200        214.4036          1.9836
519             205.7600        210.4131          4.6531
520             207.3000        203.9200         -3.3800
521             197.3600        205.4381          8.0781
522             200.8400        195.8332         -5.0068
523             205.6600        199.0368         -6.6232
524             218.5100        203.5956        -14.9144
525             219.9600        216.1165         -3.8435
526             219.2700        217.5410         -1.7290
527             222.1800        216.9614         -5.2186
528             222.1100        219.6362         -2.4738
529             209.9800        219.4886          9.5086
530             214.6500        207.6111         -7.0389
531             223.7100        211.9331        -11.7769
532             237.4100        220.5892        -16.8208
533             242.8400        234.0103         -8.8297
534             233.5900        239.1926          5.6026
535             234.3000        229.9895         -4.3105
536             235.6000        230.5489         -5.0511
537             241.2000        231.7775         -9.4225
538             234.2100        237.0896          2.8796
539             235.4500        230.1794         -5.2706
540             236.0800        231.4703         -4.6097
541             246.7200        232.1760        -14.5440
542             244.1400        242.5908         -1.5492
543             240.0800        240.2497          0.1697
544             238.8300        236.5010         -2.3290
545             235.5800        235.4534         -0.1266
546             238.7200        232.4240         -6.2960
547             239.3700        235.5685         -3.8015
548             242.6400        236.4473         -6.1927
549             243.8400        239.8365         -4.0035
550             239.7400        240.9995          1.2595
551             237.0100        236.8498         -0.1602
552             239.2900        234.0044         -5.2856
553             251.0500        235.9105        -15.1395
554             253.5000        247.2288         -6.2712
555             252.0800        249.6177         -2.4623
556             257.2200        248.2769         -8.9431
557             247.1400        253.4673          6.3273
558             254.5000        243.7102        -10.7898
559             252.5400        251.2955         -1.2445
560             256.6100        249.5685         -7.0414
561             261.4400        253.8264         -7.6136
562             253.1800        258.7689          5.5890
563             248.4800        250.7820          2.3020
564             248.4200        246.5336         -1.8864
565             238.4500        246.7841          8.3341
566             237.9300        237.0434         -0.8866
567             237.4900        236.6186         -0.8714
568             240.4500        236.1193         -4.3307
569             234.9600        239.0161          4.0561
570             233.9400        233.5578         -0.3822
571             227.2200        232.5845          5.3645
572             218.8900        226.0390          7.1490
573             219.9100        217.8004         -2.1096
574             215.5500        218.7778          3.2278
575             211.8800        214.3982          2.5182
576             212.1900        210.7810         -1.4090
577             208.8000        210.8687          2.0687
578             209.1400        207.4711         -1.6689
579             207.8300        207.8165         -0.0135
580             182.6300        206.5380         23.9080
581             183.2500        181.4119         -1.8381
582             190.9300        181.7635         -9.1665
583             191.5900        189.0741         -2.5159
584             187.2900        189.6249          2.3349
585             188.8600        185.1144         -3.7456
586             187.9100        186.2602         -1.6498
587             181.0600        184.9594          3.8994
588             185.1000        178.0153         -7.0847
589             187.5800        181.6088         -5.9712
590             189.5600        183.9140         -5.6460
591             193.5700        185.7353         -7.8347
592             188.1300        189.5314          1.4014
593             184.0200        184.1702          0.1502
594             188.7100        180.0102         -8.6998
595             200.4500        184.4777        -15.9723
596             199.9500        195.7415         -4.2085
597             193.7600        195.3508          1.5908
598             194.7700        189.2668         -5.5032
599             197.4100        190.1993         -7.2107
600             191.9700        192.7010          0.7310
601             199.4000        187.3764        -12.0236
602             199.7300        194.4330         -5.2970
603             202.0400        194.7619         -7.2781
604             201.8800        197.0433         -4.8367
605             202.6400        196.9925         -5.6475
606             188.1400        197.8000          9.6600
607             180.7400        183.7600          3.0200
608             176.5400        176.6096          0.0696
609             178.6500        172.5834         -6.0666
610             175.3400        174.6430         -0.6970
611             177.7700        171.5689         -6.2011
612             177.5400        174.0253         -3.5147
613             169.4800        173.8733          4.3933
614             162.5000        166.0867          3.5867
615             163.5700        159.2698         -4.3002
616             173.8000        160.2685        -13.5315
617             171.3200        170.2574         -1.0626
618             175.6600        167.8623         -7.7977
619             172.8200        172.0612         -0.7588
620             170.8300        169.3946         -1.4354
621             172.6300        167.3531         -5.2769
622             177.6700        169.1325         -8.5375
623             179.8300        174.1730         -5.6571
624             175.7900        176.3787          0.5887
625             175.2200        172.5439         -2.6761
626             166.6300        172.0553          5.4253
627             168.3800        163.5795         -4.8005
628             171.1100        165.2304         -5.8796
629             164.9000        167.8797          2.9797
630             172.9800        161.8069        -11.1731
631             176.8800        169.6983         -7.1817
632             171.7600        173.5115          1.7515
633             174.6000        168.4620         -6.1380
634             171.0500        171.1974          0.1474
635             161.4800        167.6955          6.2155
636             157.1100        158.4111          1.3011
637             155.4500        154.0502         -1.3998
638             149.9300        152.4610          2.5310
639             147.0500        147.0288         -0.0212
640             142.0500        144.2258          2.1758
641             144.6800        139.1941         -5.4859
642             162.1300        141.6941        -20.4359
643             170.1800        158.9673        -11.2127
644             168.2900        166.8390         -1.4510
645             194.0500        165.0993        -28.9507
646             183.2800        190.5075          7.2275
647             179.9900        180.2093          0.2193
648             180.0100        177.1992         -2.8108
649             181.1900        177.4224         -3.7676
650             184.7600        178.7421         -6.0179
651             177.8100        182.4605          4.6505
652             174.7200        175.7673          1.0473
653             171.9700        172.8050          0.8350
654             168.4700        170.2085          1.7385
655             171.8900        166.8709         -5.0191
656             177.5500        170.3795         -7.1705
657             173.9900        176.0077          2.0177
658             174.8400        172.5626         -2.2774
659             177.4600        173.3866         -4.0734
660             174.9500        175.9313          0.9813
661             186.6000        173.3939        -13.2061
662             180.1100        184.8888          4.7788
663             173.7400        178.4456          4.7056
664             179.2400        172.2613         -6.9787
665             176.7500        177.7498          0.9998
666             176.1900        175.2168         -0.9732
667             178.7900        174.5711         -4.2189
668             178.0800        177.0877         -0.9923
669             176.2900        176.3527          0.0627
670             174.7700        174.5738         -0.1962
671             175.0000        173.0571         -1.9429
672             177.9400        173.2629         -4.6771
673             177.4800        176.0942         -1.3858
674             173.7900        175.5781          1.7881
675             170.6600        171.9400          1.2800
676             177.2900        168.8630         -8.4270
677             182.4700        175.3430         -7.1270
678             178.0100        180.6001          2.5901
679             187.4400        176.4901        -10.9499
680             184.8600        185.8669          1.0069
681             181.5700        183.3713          1.8013
682             183.0100        180.1930         -2.8170
683             182.5800        181.6264         -0.9536
684             187.3500        181.2037         -6.1463
685             196.3700        185.9670        -10.4029
686             197.4200        194.8574         -2.5626
687             197.8800        195.8139         -2.0661
688             209.8600        196.2894        -13.5706
689             231.2600        208.2790        -22.9809
690             246.3900        229.7917        -16.5983
691             251.5200        245.3149         -6.2051
692             252.9400        251.0272         -1.9128
693             262.3300        253.3294         -9.0006
694             263.2600        263.6274          0.3674
695             241.0300        265.0826         24.0526
696             248.2300        242.7300         -5.5000
697             252.6400        250.7810         -1.8590
698             256.5600        255.2655         -1.2945
699             248.5000        259.6295         11.1295
700             249.2300        251.3241          2.0941
701             239.2000        252.0295         12.8295
702             251.5100        241.7779         -9.7321
703             246.3800        254.5626          8.1826
704             215.9900        249.1940         33.2040
705             220.2500        218.3628         -1.8872
706             219.8000        222.7175          2.9175
707             232.1000        222.1252         -9.9748
708             222.6200        234.4657         11.8457
709             232.0700        224.6605         -7.4095
710             216.8600        234.1331         17.2731
711             207.6700        218.5778         10.9078
712             198.8800        209.2280         10.3480
713             200.6400        200.4242         -0.2158
714             191.7600        201.9203         10.1603
715             198.8400        192.5687         -6.2713
716             200.0000        199.6513         -0.3487
717             197.4900        200.6803          3.1903
718             207.8300        197.9895         -9.8405
719             201.3800        208.1646          6.7846
720             214.1400        201.5319        -12.6081
721             216.1200        214.2495         -1.8705
722             222.7200        215.9293         -6.7907
723             221.1000        222.2534          1.1533
724             223.2700        220.5523         -2.7177
725             210.6600        222.6145         11.9545
726             220.3200        210.0678        -10.2522
727             213.2100        219.6388          6.4288
728             209.2100        212.4407          3.2307
729             205.7500        208.4053          2.6553
730             206.2800        204.8632         -1.4168
731             214.1100        205.2955         -8.8145
732             210.6000        212.7902          2.1902
733             219.4100        209.2440        -10.1660
734             230.1700        217.6918        -12.4782
735             210.7300        228.1191         17.3891
736             216.2700        209.0318         -7.2382
737             226.1700        214.8509        -11.3191
738             228.1300        224.7086         -3.4214
739             229.8100        226.5649         -3.2451
740             230.2900        228.1791         -2.1109
741             226.7800        228.5817          1.8017
742             227.8700        225.1240         -2.7460
743             227.2000        226.2560         -0.9440
744             243.9200        225.6670        -18.2530
745             238.2500        242.3725          4.1225
746             250.0000        236.7912        -13.2088
747             254.2700        248.5875         -5.6825
748             257.0200        252.8004         -4.2196
749             254.2200        255.2915          1.0715
750             260.4600        252.3389         -8.1211
751             261.6300        258.6155         -3.0145
752             258.0200        259.8178          1.7978
753             249.0200        256.3718          7.3518
754             240.6600        247.4368          6.7768
755             250.0800        239.1893        -10.8907
756             240.8300        248.6796          7.8496
757             244.5000        239.6026         -4.8974
758             241.0500        243.5629          2.5129
759             238.7700        240.2761          1.5061
760             217.8000        237.9769         20.1769
761             219.1600        216.8692         -2.2908
762             219.5700        218.1938         -1.3762
763             221.3300        218.6931         -2.6369
764             220.8900        220.7002         -0.1898
765             220.7000        220.4854         -0.2146
766             218.8500        220.3337          1.4837
767             217.9700        218.4521          0.4821
768             213.6500        217.5486          3.8986
769             260.4800        213.2472        -47.2328
770             269.1900        259.7784         -9.4116
771             262.5100        268.1778          5.6678
772             259.5200        261.7402          2.2202
773             257.5500        258.9964          1.4464
774             249.8500        257.1434          7.2934
775             248.9800        249.7187          0.7388
776             242.8400        248.9731          6.1331
777             251.4400        242.8447         -8.5953
778             288.5300        251.3261        -37.2039
779             296.9100        288.4166         -8.4934
780             321.2200        296.6244        -24.5956
781             350.0000        320.9468        -29.0532
782             328.4900        349.9182         21.4282
783             330.2400        328.7025         -1.5375
784             311.1800        331.6726         20.4926
785             320.7200        312.7801         -7.9399
786             338.7400        323.2880        -15.4520
787             346.0000        341.9309         -4.0691
788             342.0300        349.7683          7.7383
789             339.6400        345.9846          6.3446
790             352.5600        343.6773         -8.8827
791             338.5900        357.1373         18.5473
792             338.2300        342.2810          4.0510
793             332.8900        341.7516          8.8616
794             345.1600        336.1995         -8.9605
795             357.0900        348.7159         -8.3741
796             351.4200        360.6990          9.2790
797             357.9300        354.8503         -3.0797
798             369.4900        361.4937         -7.9963
799             389.2200        372.9155        -16.3045
800             389.7900        392.8120          3.0220
801             400.9900        392.8983         -8.0916
802             424.7700        404.0910        -20.6790
803             418.1000        428.3610         10.2610
804             436.2300        421.5425        -14.6876
805             463.0200        440.1443        -22.8757
806             479.8600        467.0616        -12.7984
807             440.1300        483.7397         43.6097
808             436.1700        442.8701          6.7001
809             421.0600        439.2550         18.1950
810             430.6000        423.9193         -6.6807
811             462.2800        433.7127        -28.5673
812             454.1300        465.2525         11.1225
813             431.6600        456.8329         25.1729
814             417.4100        434.1276         16.7176
815             403.8400        420.1931         16.3531
816             379.2800        406.3743         27.0943
817             410.4400        382.0205        -28.4195
818             411.0500        413.8623          2.8123
819             394.3600        414.2119         19.8519
820             394.9400        397.2293          2.2893
821             394.7400        397.8483          3.1083
822             403.3100        397.6006         -5.7094
823             396.3600        406.0572          9.6973
824             428.2200        397.9651        -30.2549
825             413.8200        430.3888         16.5688
826             426.5000        415.8203        -10.6797
827             424.0700        428.7161          4.6461
828             415.1100        426.6192         11.5093
829             412.3800        417.3234          4.9434
830             406.5800        414.6390          8.0590
831             397.1500        408.7862         11.6362
832             398.0900        399.3599          1.2699
833             389.1000        400.3696         11.2696
834             400.2800        391.1778         -9.1022
835             404.6000        402.3777         -2.2223
836             383.6800        406.3771         22.6971
837             392.2100        385.2635         -6.9465
838             378.1700        393.6498         15.4798
839             374.3200        379.4194          5.0994
840             361.6200        375.2035         13.5835
841             350.7300        362.0015         11.2715
842             328.5000        350.6908         22.1908
843             336.5100        328.1745         -8.3355
844             355.9400        335.8005        -20.1395
845             355.8400        355.1431         -0.6969
846             354.1100        355.0621          0.9521
847             360.5600        353.3421         -7.2179
848             354.4000        359.9465          5.5465
849             337.8000        353.8016         16.0016
850             330.5300        337.2453          6.7153
851             302.8000        329.9132         27.1132
852             290.8000        302.3158         11.5159
853             281.9500        290.2392          8.2891
854             292.9800        281.1222        -11.8578
855             284.6500        291.4934          6.8434
856             272.0400        283.2443         11.2043
857             279.1000        270.1016         -8.9984
858             263.4500        276.3072         12.8572
859             262.6700        260.5262         -2.1438
860             222.1500        259.1113         36.9613
861             230.5800        219.1962        -11.3838
862             248.0900        226.9129        -21.1771
863             240.6800        243.8800          3.2000
864             249.9800        236.6142        -13.3658
865             238.0100        245.8752          7.8652
866             225.3100        234.4944          9.1844
867             235.8600        222.3315        -13.5285
868             236.2600        232.9390         -3.3210
869             248.7100        233.3870        -15.3230
870             278.3900        245.5554        -32.8346
871             288.1400        274.5064        -13.6337
872             272.0600        284.1881         12.1281
873             273.1300        268.6623         -4.4677
874             263.5500        270.3174          6.7675
875             259.1600        261.1405          1.9805
876             268.4600        256.7574        -11.7026
877             282.7600        266.0791        -16.6809
878             267.2800        280.2453         12.9653
879             239.4300        265.3917         25.9617
880             233.2900        237.5854          4.2954
881             221.8600        231.2120          9.3520
882             272.2000        219.4798        -52.7203
883             252.4000        268.7881         16.3881
884             252.3100        249.1232         -3.1868
885             252.3500        249.0145         -3.3355
886             254.1100        248.7279         -5.3821
887             241.5500        250.2304          8.6804
888             241.3700        237.6724         -3.6976
889             227.5000        237.3853          9.8853
890             237.9700        223.6142        -14.3558
891             250.7400        233.6746        -17.0654
892             259.5100        246.0987        -13.4113
893             284.9500        254.9477        -30.0023
894             285.8800        280.1699         -5.7101
895             292.0300        281.2206        -10.8094
896             282.1600        287.6268          5.4668
897             280.5200        278.0002         -2.5198
898             287.2100        276.5366        -10.6734
899             280.2600        283.4104          3.1504
900             275.3500        276.9270          1.5770
901             276.2200        272.5548         -3.6652
902             284.8200        273.8788        -10.9412
903             298.2600        282.7411        -15.5189
904             318.3800        296.2483        -22.1317
905             334.0700        316.7297        -17.3403
906             347.6800        332.9818        -14.6982
907             342.8200        347.0259          4.2059
908             349.9800        342.7457         -7.2343
909             342.0900        350.3738          8.2838
910             343.8200        342.6318         -1.1882
911             334.6200        344.6138          9.9938
912             341.0400        335.3868         -5.6532
913             339.3400        342.4236          3.0836
914             362.8900        340.5632        -22.3269
915             356.9000        364.1686          7.2687
916             358.4300        357.8740         -0.5560
917             346.4600        359.6070         13.1470
918             342.6900        347.6434          4.9534
919             344.2700        344.1883         -0.0817
920             332.0500        345.3762         13.3262
921             284.7000        332.8846         48.1846
922             295.1400        284.7515        -10.3885
923             308.5800        295.5806        -12.9994
924             326.0900        309.6482        -16.4418
925             326.4300        327.0490          0.6190
926             319.1100        326.9890          7.8790
927             325.3100        319.8347         -5.4753
928             329.1300        326.5206         -2.6094
929             316.3500        330.5137         14.1637
930             322.0500        317.7770         -4.2730
931             322.1600        323.6428          1.4828
932             348.6800        323.8532        -24.8268
933             340.4700        350.4325          9.9625
934             327.5500        342.2758         14.7259
935             325.7800        329.2449          3.4649
936             323.6300        327.3644          3.7343
937             317.6600        325.1139          7.4539
938             300.7100        318.9314         18.2214
939             315.6500        301.6619        -13.9881
940             315.3500        316.5529          1.2028
941             293.9400        316.1453         22.2053
942             297.8100        294.2942         -3.5158
943             295.8800        297.8426          1.9626
944             309.8700        295.6341        -14.2359
945             313.5100        309.5425         -3.9675
946             316.9000        312.9099         -3.9901
947             310.7800        316.1643          5.3843
948             321.6700        310.1385        -11.5315
949             319.4100        320.9152          1.5052
950             329.6500        318.5458        -11.1042
951             328.4900        328.4027         -0.0873
952             332.1100        327.1352         -4.9748
953             332.5600        330.5128         -2.0472
954             305.3000        330.9094         25.6094
955             316.0600        303.6769        -12.3831
956             325.5900        314.0264        -11.5636
957             321.2000        323.1440          1.9440
958             319.0400        318.7360         -0.3040
959             308.2700        316.4702          8.2003
960             302.6300        305.7887          3.1587
961             309.2600        300.2525         -9.0075
962             308.7200        306.8460         -1.8740
963             319.9100        306.3094        -13.6006
964             322.2700        317.1702         -5.0998
965             329.6500        319.3825        -10.2675
966             339.0300        326.5027        -12.5273
967             340.8400        335.6694         -5.1706
968             339.3800        337.3586         -2.0214
969             335.5800        335.8435          0.2635
970             330.5600        332.2025          1.6426
971             335.1600        327.4345         -7.7255
972             329.3100        332.3849          3.0749
973             323.9000        326.8165          2.9165
974             320.1100        321.7878          1.6779
975             340.0100        318.1708        -21.8392
976             346.6000        337.8810         -8.7190
977             351.6700        344.3099         -7.3601
978             349.6000        349.2309         -0.3691
979             345.9800        347.1719          1.1919
980             333.8700        343.7463          9.8763
981             329.3600        331.7650          2.4050
982             334.0900        327.5116         -6.5784
983             338.5300        332.2461         -6.2839
984             350.8400        336.6101        -14.2299
985             346.4000        348.8046          2.4046
986             346.9700        344.3006         -2.6694
987             347.7900        345.0363         -2.7537
988             368.8100        345.8890        -22.9210
989             395.9400        366.7825        -29.1575
990             410.0400        393.3116        -16.7284
991             421.6200        407.3111        -14.3089
992             425.8600        419.5760         -6.2840
993             416.8500        424.2479          7.3979
994             426.0700        415.2112        -10.8589
995             434.2100        424.7271         -9.4829
996             425.8500        432.8232          6.9732
997             442.7900        424.2073        -18.5827
998             423.3900        441.3316         17.9416
999             440.4000        421.8031        -18.5969
1000            443.2100        439.2023         -4.0076
1001            444.7200        441.9351         -2.7849
1002            459.4600        443.9324        -15.5276
1003            436.0000        458.8027         22.8027
1004            429.8300        434.1738          4.3438
1005            453.2500        428.3956        -24.8544
1006            433.0900        452.1488         19.0588
1007            438.6900        431.6081         -7.0819
1008            435.5400        438.1735          2.6335
1009            413.4900        435.3841         21.8941
1010            435.9000        412.3513        -23.5487
1011            429.2400        435.6419          6.4020
1012            435.1500        428.8443         -6.3057
1013            428.7500        434.6762          5.9262
1014            439.3100        428.2813        -11.0287
1015            447.4300        438.9807         -8.4492
1016            442.6000        447.0682          4.4682
1017            438.9700        442.1669          3.1969
1018            448.9800        438.5846        -10.3954
1019            433.7200        448.3992         14.6792
1020            452.4200        433.0336        -19.3864
1021            460.5500        451.9300         -8.6200
1022            461.5100        460.0117         -1.4983
1023            440.1000        461.0107         20.9107
1024            456.5600        439.2896        -17.2704
1025            468.3700        455.9886        -12.3814
1026            444.2600        467.8717         23.6117
1027            462.0700        443.3735        -18.6965
1028            445.9100        461.6844         15.7744
1029            429.5200        445.3453         15.8253
1030            445.2300        429.1238        -16.1062
1031            439.6200        445.0081          5.3881
1032            430.6000        439.4604          8.8604
1033            401.9900        430.5128         28.5228
1034            404.3500        401.9267         -2.4233
1035            408.9200        404.0382         -4.8818
1036            401.2500        408.0546          6.8046
1037            403.9900        399.9890         -4.0010
1038            395.2300        402.5091          7.2791
1039            391.0900        393.9242          2.8342
1040            417.7800        389.8636        -27.9164
1041            419.4000        416.7274         -2.6726
1042            426.5800        418.1302         -8.4498
1043            430.1700        425.1013         -5.0687
1044            430.1400        428.7432         -1.3968
1045            429.2400        428.9267         -0.3133
1046            446.7400        428.0929        -18.6471
1047            454.5300        445.0611         -9.4689
1048            455.0000        452.5483         -2.4517
1049            439.5800        452.9364         13.3564
1050            445.1700        437.5613         -7.6088
1051            451.4500        442.9263         -8.5237
1052            446.8900        448.9594          2.0694
1053            458.9600        444.2746        -14.6854
1054            475.3100        455.7844        -19.5256
1055            489.8800        471.7402        -18.1398
1056            467.2600        485.5861         18.3261
1057            483.3700        462.5136        -20.8564
1058            481.2000        478.6962         -2.5038
1059            488.7300        476.4401        -12.2899
1060            485.5600        484.0772         -1.4828
1061            485.4000        481.4841         -3.9159
1062            475.1900        482.1779          6.9879
1063            459.6400        472.4535         12.8135
1064            454.4300        457.4934          3.0634
1065            449.7200        452.6849          2.9649
1066            438.0700        448.1140         10.0440
1067            451.6700        436.2067        -15.4633
1068            432.9600        449.9404         16.9804
1069            431.4100        430.8276         -0.5824
1070            435.8000        429.3568         -6.4432
1071            445.0100        433.5198        -11.4902
1072            448.9600        442.5128         -6.4472
1073            447.2000        446.5481         -0.6519
1074            439.2000        445.0847          5.8847
1075            438.5700        437.4203         -1.1497
1076            437.5000        437.0917         -0.4083
1077            419.2500        436.2557         17.0057
1078            431.4400        418.1796        -13.2604
1079            449.3600        430.3850        -18.9750
1080            449.0600        447.8807         -1.1793
1081            435.2000        447.5291         12.3291
1082            430.9000        433.8897          2.9897
1083            431.4600        429.6260         -1.8340
1084            416.5600        430.1590         13.5990
1085            430.4100        415.2166        -15.1934
1086            421.8100        429.0883          7.2783
1087            421.9600        420.1734         -1.7866
1088            406.0100        419.9874         13.9774
1089            397.2100        403.7870          6.5770
1090            411.1100        394.6805        -16.4295
1091            417.3200        408.1073         -9.2127
1092            425.2100        413.9203        -11.2897
1093            428.2700        421.4393         -6.8307
1094            417.0700        424.4784          7.4084
1095            417.4400        413.5536         -3.8864
1096            410.6300        413.9879          3.3579
1097            411.3200        407.1391         -4.1809
1098            411.7100        407.7615         -3.9484
1099            411.8200        407.8900         -3.9301
1100            399.8300        407.7586          7.9286
1101            409.3800        395.7763        -13.6037
1102            417.4000        404.9283        -12.4717
1103            408.5800        412.7596          4.1796
1104            402.5100        403.9655          1.4555
1105            403.3200        397.8375         -5.4825
1106            392.4300        398.2103          5.7803
1107            405.9400        387.3597        -18.5803
1108            405.5500        400.4989         -5.0511
1109            396.7300        400.0749          3.3449
1110            398.6800        391.3697         -7.3103
1111            399.2400        392.9322         -6.3078
1112            407.8200        393.6574        -14.1626
1113            395.0100        402.0397          7.0297
1114            391.2000        389.5002         -1.6998
1115            395.5600        385.7276         -9.8324
1116            399.2700        390.1141         -9.1559
1117            392.7800        393.6598          0.8798
1118            380.3000        387.3581          7.0581
1119            367.9600        375.0106          7.0506
1120            380.8500        363.0166        -17.8334
1121            383.0300        375.6932         -7.3368
1122            385.9500        377.7650         -8.1850
1123            372.1100        380.8164          8.7064
1124            361.8300        367.2512          5.4212
1125            355.2800        357.0814          1.8014
1126            371.7500        350.7089        -21.0411
1127            381.2600        366.6411        -14.6189
1128            360.5900        376.0542         15.4642
1129            352.8200        355.7467          2.9267
1130            346.6500        348.1464          1.4964
1131            343.2500        341.8256         -1.4244
1132            345.6200        338.9287         -6.6913
1133            348.9500        340.9617         -7.9883
1134            352.4200        344.0983         -8.3217
1135            364.2000        347.4419        -16.7581
1136            391.9500        358.9142        -33.0358
1137            388.9000        386.1130         -2.7870
1138            400.6200        383.4388        -17.1812
1139            392.5000        394.8727          2.3727
1140            386.4200        386.6753          0.2552
1141            387.5100        380.6947         -6.8153
1142            373.7200        381.7179          7.9979
1143            376.3000        367.8808         -8.4192
1144            378.6700        370.4538         -8.2162
1145            376.0200        372.6801         -3.3398
1146            372.8000        370.3082         -2.4918
1147            381.6300        367.4175        -14.2125
1148            390.8200        376.1408        -14.6792
1149            392.5100        385.4315         -7.0785
1150            389.3700        387.3789         -1.9911
1151            398.7300        384.6993        -14.0307
1152            411.7900        394.1589        -17.6312
1153            428.3500        407.3195        -21.0305
1154            445.0000        423.5707        -21.4293
1155            433.4500        439.0885          5.6385
1156            445.2700        428.0322        -17.2378
1157            443.3000        440.2116         -3.0884
1158            422.2400        438.9984         16.7584
1159            409.9900        418.6610          8.6710
1160            404.1100        407.2203          3.1103
1161            417.2600        401.9398        -15.3202
1162            417.8500        415.2191         -2.6310
1163            426.0100        415.6351        -10.3749
1164            433.5900        423.5895        -10.0005
1165            440.3600        430.9561         -9.4039
1166            442.1000        437.7218         -4.3782
1167            435.7900        439.8483          4.0583
1168            415.8800        433.9954         18.1154
1169            423.7400        414.1441         -9.5959
1170            423.7000        422.3323         -1.3677
1171            418.4500        421.8175          3.3675
1172            391.0000        415.8847         24.8847
1173            408.9500        387.7871        -21.1629
1174            396.6800        406.4285          9.7485
1175            381.5900        394.2563         12.6663
1176            399.1500        379.8309        -19.3191
1177            406.4300        397.8760         -8.5540
1178            411.1500        405.2321         -5.9179
1179            404.6600        410.0895          5.4294
1180            396.3800        403.7018          7.3218
1181            400.4900        395.6492         -4.8408
1182            405.0500        399.7462         -5.3038
1183            381.6100        404.0857         22.4757
1184            375.5300        380.8299          5.2999
1185            375.1200        374.8127         -0.3072
1186            379.7100        374.1705         -5.5395
1187            411.8400        378.3969        -33.4431
1188            420.6000        409.2129        -11.3871
1189            425.3000        417.4957         -7.8042
1190            393.4500        422.0967         28.6467
1191            419.7700        390.6237        -29.1463
1192            402.9000        416.8075         13.9075
1193            394.0600        400.3681          6.3081
1194            406.5500        391.8485        -14.7015
1195            407.7600        404.1375         -3.6225
1196            394.7600        405.3020         10.5420
1197            396.1800        392.3923         -3.7877
1198            394.4600        393.7602         -0.6998
1199            391.0600        391.9157          0.8557
1200            380.8400        388.3339          7.4939
1201            369.5700        378.0012          8.4311
1202            378.9300        366.7503        -12.1797
1203            374.0100        375.8733          1.8633
1204            319.6900        370.8556         51.1656
1205            313.0300        316.8768          3.8468
1206            309.2200        310.0399          0.8199
1207            307.4400        305.8715         -1.5685
